search,found,price,pre_discount
arroz,Tucapel Arroz Tucapel Basmati Kilo,5090,5090
arroz,Tucapel Arroz Tucapel Risotto Kilo,4590,4590
arroz,Banquete Arroz Banquete Multigrano 400 gr,1690,1690
arroz,Miraflores Arroz Miraflores Chaufán 210 gr,1490,1490
arroz,Tucapel Arroz Tucapel Primavera 210 gr,999,999
arroz,Tucapel Harina Tucapel Arroz S/Gluten 500 Grs,1290,1290
arroz,Miraflores Arroz Miraflores Curry 210 gr,1490,1490
arroz,Tucapel Arroz Tucapel Chaufán 210 gr,949,949
arroz,Miraflores Arroz Miraflores Champiñón 210 gr,1490,1490
arroz,Miraflores Arroz Miraflores Arabe 175 gr,1490,1490
arroz,Tucapel Galleta Arroz Dulce Tucapel 25Grs,399,399
arroz,Banquete Arroz Banquete Premium Gº2 kg,2390,2390
arroz,Real Thai Papel Arroz Real Thai 22 cm,1990,1990
arroz,Los Granos Arroz Los Granos Importado G2 Kilo,1000,1590
arroz,El Trebol Arroz Importado Grado 2 Trébol 1 Kilo,1390,1690
arroz,Los Chinos Arroz Los Chinos G°2 Pregraneado kg,1890,1890
arroz,Los Chinos Arroz Los Chinos Gº2 kg,1590,1590
arroz,El Trebol Arroz Nacional Grado 2 Trébol 1 Kilo,1790,1790
arroz,Tucapel Arroz Tucapel Curry Champiñón 210 gr,999,999
arroz,Los Granos Arroz Los Granos Importado G1 Kilo,1490,1490
arroz,Banquete Arroz Banquete G°1 800 Grs,2190,2190
arroz,Tucapel Arroz Tucapel Sushi Estuche 400 gr,2790,2790
arroz,Tucapel Arroz Tucapel Integral G°1 kg,2790,2790
arroz,Tucapel Arroz Tucapel Pregraneado G°1 kg,2190,2190
arroz,Miraflores Arroz Miraflores Parboiled Preg Gº1 kg,2690,2690
arroz,Selz Galleta Selz Arroz Chocolate 167 Grs,3390,3390
arroz,Tucapel Arroz Tucapel Gran Selección Gº1 Laminado kg,2000,2890
arroz,Trattoria Pasta Trattoria Arroz 250 Grs,2590,2590
arroz,Tucapel Galleta De Arroz Clasica 25Grs,399,399
arroz,Miraflores Arroz Miraflores Risotto 400 gr,2490,2490
arroz,Natur Natur Arroz 300 Grs,2990,2990
arroz,Natur Natur Arroz 20 gr,499,499
arroz,Banquete Arroz Banquete Premium G°1 kg,2590,2590
arroz,Trattoria Arroz Trattoria Risotto 3 Quesos 180 gr,1690,1690
arroz,Tucapel Galleta Tucapel Arroz Clasicas 150 Grs,1390,1390
arroz,Tucapel Arroz Tucapel Blue Bonnet G°1 kg,2490,2490
arroz,Nestum Nestum Arroz 250 Grs,2790,2790
arroz,Natur Natur Arroz 100 Grs.,899,1190
arroz,Los Granos Arroz Los Granos PreGraneado G1 Largo Kilo,1490,1890
arroz,Tucapel Arroz Tucapel Blue Bonnet G2 900 gr,1690,1690
arroz,Tucapel Galleta Tucapel Arroz Dulce 150 Grs,1390,1390
arroz,Miraflores Arroz Miraflores G2 Largo Lam Kilo,2690,2690
arroz,Tucapel Arroz Tucapel Gran Selección G°2 Poli kg,2490,2490
arroz,Real Thai Fideos Real Thai Arroz Spaghetti 375 gr,3490,3490
arroz,Miraflores Arroz Miraflores Largo Ancho G°1 kg,2490,2490
arroz,Tucapel Arroz Tucapel Gran Selección G°2 Poli kg,2290,2290
arroz,Maggi Sopa Maggi Pollo Arroz 70Grs,599,849
arroz,Sabrokan Sabrokan Adulto Carne Arroz 3Kg,7890,7890
pasta,Divella Pasta Farfalle Divella 500 Grs,2090,2090
pasta,Fresh Up Pasta dental Fresh Up Regular 130 Grs,899,1190
pasta,La Preferida Pasta Salame La Preferida 125 Gr,799,999
pasta,Carozzi Pasta Para Uno Carozzi Bolognesa 70 gr,1290,1290
pasta,Lucchetti Pasta Pronta Lucchetti Macaroni Cheese 296 gr,1890,1890
pasta,Colgate Pasta Dental Colgate Ultra Branco 90 Grs,1290,1290
pasta,Pepsodent Pasta Dental Pepsodent Charcoal 75 ml,1000,1290
pasta,Fresh Up Pasta dental Fresh Up Whitening Pack 3 x 90 Grs,2000,2490
pasta,Pepsodent Pasta Dental Pepsodent Herbal Gum Care 75 ml,1000,1290
pasta,Trattoria Pasta Trattoria Arroz 250 Grs,2590,2590
pasta,Pepsodent Pasta Dental Pepsodent Triple Acción 90 Grs,1000,1290
pasta,Lucchetti Pasta Pronta Lucchetti Caracol Queso 296 gr,1890,1890
pasta,La Preferida Pasta Pollo Pimento La Preferida 125 Grs,799,999
pasta,Fresh Up Pasta Dental Fresh Up Regular Pack 3 x 90 Grs,2290,2290
pasta,Fresh Up Pasta Fresh Up Triple Accion 150 Grs,1490,1490
pasta,Oral B Pasta Dental Oral B Kids Mickey 50 Gr,1000,1490
pasta,Colgate Colgate Pasta Total-Clean Mint D 195 gr,4290,4290
pasta,Receta del Abuelo Pasta De Jamón Serrano Receta del Abuelo 125 gr,1090,1090
pasta,Mulpun Pasta Mulpun Ajo Horneada 140 Grs,3990,3990
pasta,Fresh Up Gel Dental Fresh Up Kids 75 ml,1090,1090
pasta,Fresh Up KIT Dental Gel Fresh Up 125grs + Hilo + Cepillo,2390,2390
pasta,Carozzi Pastas Carozzi Mascarroni 400 gr,1090,1090
pasta,Carozzi Pastas Carozzi Quifaros 400 gr,1090,1090
pasta,Carozzi Pastas Carozzi Fusilli Tricolor 400 gr,1190,1190
pasta,Carozzi Pastas Carozzi Fettucine 88 400 gr,1090,1090
pasta,Carozzi Pastas Carozzi Mostaccioli 46 400 gr,1090,1090
pasta,Carozzi Pastas Carozzi Spaghettini 3 400 gr,1090,1090
pasta,Carozzi Pastas Carozzi Espiral 49 400 gr,1090,1090
pasta,Carozzi Pastas Carozzi Tallarin 87 400 gr,1090,1090
pasta,Carozzi Pastas Carozzi Spaghetti 5 400 Grs,1090,1090
pasta,Carozzi Pastas Carozzi Tallarin 87 Espinaca 400 gr,1290,1290
pasta,Carozzi Pastas Carozzi Spaghetti 5 Tricolor 400 gr,1290,1290
pasta,Fresh Up Crema Dental Sensitive Alivio Total x 100 Grs,2190,2190
pasta,Colgate Crema Colgate Original 112.5 Grs,1390,1390
pasta,Vivo Fideos Vivo Spaghetti 350 Grs,1590,1590
pasta,Lucchetti Lasagna Lucchetti Precocida 360 Grs,1890,1890
pasta,Lucchetti Lucchetti Pastina Mariposas 250 Grs,1090,1090
pasta,Lucchetti Lucchetti Spaghetti 5 400 Grs,899,1190
pasta,Talliani Talliani Anellini 250 Grs,1190,1190
pasta,Talliani Talliani Nido Fettuccini 400 Grs.,2090,2090
pasta,Talliani Talliani Rigati 400 Grs,1390,1390
pasta,Talliani Talliani Spaghetti 5 400 Grs,1390,1390
pasta,Trattoria Trattoria Rigati 400 gr,1290,1290
pasta,Lucchetti Lucchetti Mini Corbatas 400 gr,1390,1390
pasta,Aconcagua Fideos Aconcagua Mostaccioli 400 gr,699,699
pasta,Aconcagua Fideos Aconcagua Tallarin 87 400 gr,699,699
pasta,Lucchetti Lucchetti Mostacholi 400 Grs,899,1190
pasta,Lucchetti Lasaña Lucchetti Precocida Integral 360 gr,1890,1890
porotos,Bonanza Poroto Bonanza Tortola Kilo,3790,3790
porotos,Iansa Porotos Rojos Iansa Tetra 390 Grs,1000,1190
porotos,Banquete Poroto Banquete Hallado Kilo,4290,4290
porotos,Bonanza Porotos Bonanza Negro Kg,2490,2490
porotos,Bonanza Porotos Bonanza Hallado kg,2990,2990
porotos,Banquete Poroto Banquete Español Kilo,4190,4190
porotos,Banquete Porotos Banquete Tortola kg,4590,4590
porotos,Los Granos Porotos Los granos Hallado kilo,2590,3190
porotos,Los Granos Porotos Los Granos Pelado Kilo,2690,2690
porotos,Los Granos Porotos Los Granos Tórtola Kilo,4160,4160
porotos,Frutos del Maipo Porotos Granados Frutos Del Maipo 500 Gr,3490,3490
porotos,Receta del Abuelo Hamburguesa Burger Porotos Negros Receta del Abuelo 100 gr,1090,1090
porotos,Los Granos Porotos Los Granos Blanco Kilo,2890,2890
manzanas,De la zona Manzana Verde Kilo,1990,1990
manzanas,De la zona Manzana Royal Gala kilo,1890,1890
manzanas,Vivo Mifrut Vivo Manzana 90Gr,699,699
manzanas,Airwick Airwick Elect Recarga Manzana Canela 21 ml,6590,6590
manzanas,Bless Jugo Bless Element Pera Manzana 200 ml,929,929
manzanas,Lysol Limpiador Lysol Manzana 900Ml,1690,2190
manzanas,De la zona Manzana Roja Frutalan Malla kilo,1790,1790
manzanas,Nestle Chamyto Manzana Pack 6 unidades,2690,2690
manzanas,Traverso Vinagre Traverso Manzana 500 cc,1790,1790
manzanas,Cachantun Cachantun Más Manzana 600 cc,799,1190
manzanas,Afe Jugo Afe Manzana Roja 300 cc,1990,1990
manzanas,Watts Compota Watts Manzana Pouch 90 gr,499,499
manzanas,Aquarius Aquarius Manzana botella 1600 cc,1290,1290
manzanas,Andina Néctar Andina Manzana 200 cc,449,449
manzanas,Watts Néctar Watts Manzana Sq lt,1090,1090
manzanas,Lysol Limpiador Desinf. Lysol Manzana 1.8 Lt,3790,3790
manzanas,Livean Livean Manzana Verde 9 Grs,299,299
manzanas,Higuera Vinagre Higuera Manzana 500 cc,1290,1290
manzanas,Guallarauco Agua Guallarauco Manzana 500 cc,1590,1590
manzanas,Cachantun Cachantun Mas Manzana 1.6 L,1000,1490
manzanas,Bless Jugo Bless Element Damasco Manzana 200 ml,929,929
manzanas,Vivo Nectar Vivo Manzana Tetra 1 Lts,1290,1290
manzanas,Watts Néctar Watts Manzana Tetra 200 cc,399,399
manzanas,Livean Gelatina Livean Manzana Verde 22 grs,999,999
manzanas,En Linea Cereal En Linea Barra Manzana 90 Grs,1690,1690
manzanas,Ama Jugo Ama Orgánico Manzana Kiwi 300 cc,1890,1890
manzanas,Don Juan Vinagre Don Juan Manzana 500 cc,1790,1790
manzanas,Airwick Airwick Elect Aparato 21ml Manzana Canela,6590,6590
manzanas,Guallarauco Agua Guallarauco Manzana Botella 1 L,1890,1890
manzanas,Livean Purfrut Livean Manzana Mango 90 gr,599,599
manzanas,El Trebol Jabón El Trebol Manzana Miel Dp 900 ml,1790,1790
manzanas,Kadus Jabón Líquido Kadus Manzana Miel 900 ml,1490,1490
manzanas,Bless Jugo Bless Beterraga Zanahoria Manzana 300 ml,1890,1890
manzanas,Vivo Mifrut Vivo Veggi Manzana Pera Espinaca 120 gr,849,849
manzanas,Familand Acondicionador Familand Manzana Papaya 750 ml,1990,1990
manzanas,Soprole Néctar Soprole Manzana 200 ml,499,499
manzanas,Watts Néctar Watts Manzana Light 200 cc,399,399
palta,Ilicit Mascara Capilar Ilicit Keratin Palta 350Ml ,5390,5390
palta,De la zona Palta Hass Granel kilo,5990,5990
palta,Hellmanns Mayonesa Hellmanns Palta Dp 670 Grs,3890,3890
palta,Ballerina Acondicionador Ballerina Palta-Almendras 750 ml,1690,1690
sal,Sal Lobos Sal Lobos Parrillera 750 gr,1590,1590
sal,Sal Lobos Sal Lobos Fina Doypack Kilo,949,949
sal,Sal Lobos Sal Lobos Cocina Kilo,649,649
sal,Sal Lobos Sal Lobos Light Doypack Kilo,3590,3590
sal,Biosal Sal Biosal Doypack 400 Grs,1690,1690
sal,Doña Prospera Sal Doña Prospera Natural Molinillo 140 Grs,3690,3690
sal,Doña Prospera Sal Doña Prospera Himalaya Salero 100 gr,1690,1690
sal,Biosal Sal Biosal Mesa Pote 850 Grs,4590,4590
sal,KA Sal Himalaya Ka Grano Fino 130 Grs,1690,1690
sal,Finish Finish Sal 1 Kilo,3090,3090
sal,Specia Sal Ajo Pimienta Specia Frasco 300 gr,1890,1890
sal,Doña Prospera Sal Doña Prospera Himalaya Gruesa Dp 400 Grs,3290,3290
sal,Doña Prospera Sal Doña Prospera C/Ajo Dp 370 Grs,1990,1990
sal,Doña Prospera Sal Doña Prospera C/Merken Dp 370 Grs,1990,1990
sal,Doña Prospera Sal Doña Prospera C/Oregano Molinillo 140 Grs,3690,3690
sal,Rumay Mantequilla C/Sal Rumay 200 Gr,3290,3290
sal,Soprole Mantequilla Soprole Pan S/Sal 250 Gr,3190,3190
sal,Soprole Mantequilla Soprole Pan C/Sal 250 Gr,2790,2790
sal,Colun Quesillo Colun Con Sal 160 grs,1290,1290
sal,Millantue Maní Millantue S/Sal 200 Grs,1590,1590
sal,Huingan Quesillo Huingan C/Sal 450 Grs,3290,3290
sal,El Trebol Mani Sin Sal El Trebol 160 gr,999,999
sal,Lays Papas Lays Artesanas C/Sal 150 gr,1990,1990
sal,Soprole Mantequilla Soprole Sal De Mar 250 Gr,3190,3190
sal,Ballerina Acondicionador Ballerina Sin sal Granada Doypack 900 ml,1590,1590
sal,Ballerina Acondicionador Ballerina Sin sal Coco Jazmin Doypack 900 cc,1690,1690
sal,PuriPop PuriPop Popcorn Oliva Sal De Mar 100 Grs,2790,2790
sal,Marco Polo Tortillas Sal De Mar Terra Marco Polo 180 gr,1290,1290
sal,El Trebol Maní Con Pasas Con Sal El Trébol 160 gr,1190,1190
sal,El Trebol Maní Con Pasas Sin Sal El Trébol 160 gr,1190,1190
sal,Sal Lobos Salero Lobos 250 Grs,899,899
sal,Biosal Salero Biosal Bajo Sodio 250 Grs,2590,2590
sal,Biosal Salero Biosal 125 Grs,1390,1390
sal,Biosal Salero Biosal 500 Grs,3490,3490
azúcar,Iansa Azúcar Flor Iansa 500 gr,1390,1390
azúcar,Iansa Azúcar Rubia Iansa 500 gr,2290,2290
azúcar,Iansa Azúcar Iansa Bolsa 3 Kilos,4000,5190
azúcar,Dama Blanca Azúcar Dama Blanca 1 Kg,1490,1490
azúcar,Iansa Azúcar blanca granulada Iansa 1 kg,1490,1490
azúcar,Iansa Azúcar blanca granulada Iansa 5 kg,7490,7490
azúcar,Iansa Azúcar Iansa Light con Stevia 500 gr,1790,1790
azúcar,La Patrona Azúcar La Patrona 5 Kilos,6990,6990
azúcar,El Monarca Azúcar De Caña El Monarca 1 kilo,1000,1290
azúcar,Red Bull Red Bull Sin Azúcar 250 cc,1390,1890
azúcar,Coca Cola Coca Cola Sin Azúcar Lata 350 cc,999,999
azúcar,Coca Cola Coca Cola Sin Azúcar Desechable 591 cc,1290,1290
azúcar,Watts Mermelada Watts S/Azucar Durazno 200 Gr,1490,1490
azúcar,Coca Cola Coca Cola Sin Azúcar Desechable 3 L,2590,2990
azúcar,Neucober Cremonella Neucober Vegana Sin Azúcar 650 grs,7690,7690
azúcar,Watts Mermelada Watts Sin Azúcar Damasco 200 grs,1490,1490
azúcar,Coca Cola Coca Cola Sin Azucar Desechable 1.5 Lts,2390,2390
azúcar,Watts Néctar Watts 0% Azúcar Naranja 300 cc,799,1090
azúcar,Watts Mermelada Watts S/Azucar Frambuesa 200 Gr,1490,1490
azúcar,Nestle Yogurt Chamyto Sin Azúcar Vainilla 115 gr,399,399
azúcar,Watts Néctar Watts 0% Azúcar Mango 1.5 Litros,1990,1990
azúcar,Ecovida Galleta Emparedado Ecovida Maní Sin Azúcar 150 gr,1490,1490
azúcar,Colun Yogurt Colun Light Chirimoya Sin Azúcar 120 grs,319,319
azúcar,Colun Yogurt Colun Light Frutilla Sin Azúcar 120 grs,319,319
azúcar,Watts Mermelada Watts S/Azucar Mora 200 Gr,1490,1490
azúcar,Nestle Yogurt Chamyto Sin Azúcar Frutilla 115 gr,399,399
azúcar,Schweppes Bebida Schweppes Ginger Ale Sin Azúcar Desechable 1.5 Litros,2190,2190
azúcar,Red Bull Red Bull sin azúcar 250 cc (2 unidades),2790,2790
aceite,Miraflores Aceite Miraflores Vegetal 900 cc,2000,2790
aceite,Belmont Aceite Belmont Canola 1 L,4590,4590
aceite,Chef Aceite Chef Maiz 1 L,5390,5390
aceite,Parral Aceite Parral Maravilla 900 ml,2000,2390
aceite,Natura Aceite Natura Maravilla 900 cc,2990,2990
aceite,Miraflores Aceite Miraflores Maravilla 900 cc,2490,2990
aceite,Mazola Aceite Mazola Maíz 1 L,5590,5590
aceite,Chef Aceite Chef Maravilla 1 L,3590,3590
aceite,Banquete Aceite Banquete Oliva 250 cc,5790,5790
aceite,Belmont Aceite Belmont Vegetal 1 L,2790,2790
aceite,Parral Aceite Parral Vegetal 900 ml,2190,2190
aceite,Natura Aceite Natura Vegetal 900 ml,2590,2590
aceite,Belmont Aceite Belmont para Freir 1 L,5790,5790
aceite,De Reyes Aceite Vegetal De Reyes 900 ml,1690,1690
aceite,Mazola Aceite Mazola Canola 1 L,4890,4890
aceite,Chef Aceite Chef Maravilla 500 cc,2490,2490
aceite,Bonanza Aceite Bonanza Vegetal 900 cc,2190,2190
aceite,Trattoria Aceite Oliva Trattoria 1 L,16190,16190
aceite,Talliani Aceite Oliva Talliani 500 cc,10790,10790
aceite,Los Silos Aceite Los Silos Vegetal 5 Lts,10290,10290
aceite,Chef Aceite Chef Pepita Uva 1 L,8390,8390
aceite,Talliani Aceite Oliva Talliani 250 cc,6590,6590
aceite,Trattoria Aceite Oliva Trattoria 500 cc,8290,8290
aceite,Chef Aceite Chef Oliva 1 L,17090,17090
aceite,Banquete Aceite Banquete Oliva 500 cc,9790,9790
aceite,Chef Aceite Chef Pepita Uva 500 cc,4590,4590
aceite,Los Silos Aceite Los Silos Vegetal 900 cc,2190,2190
aceite,Parral Aceite Mi Sol Vegetal 900 cc,2190,2190
aceite,Antartic Chorito Antartic Aceite 190 Grs,1190,1190
aceite,Giada Aceite de Oliva Giada 500 ml,5490,5490
aceite,Kardamili Aceite Oliva Kardamili Clásico 500 cc,17690,17690
aceite,Antartic Chorito Antartic Aceite 425 gr,2590,2590
aceite,Angelmó Chorito Angelmo Aceite 19O Grs,1390,1390
aceite,Angelmó Chorito Angelmo Aceite 425 Grs,2000,2490
aceite,Terra Santa Aceite Oliva Terra Santa 1 L,16290,16290
aceite,Robinso Crusoe Cholga R.Crusoe Aceite 190 Grs,2590,2590
aceite,Kardamili Aceite Oliva Kardamili Classic 250 cc,10590,10590
aceite,Angelmó Atún Angelmó Lomitos Aceite 160 gr,1590,1590
aceite,Robinso Crusoe Chorito Robinson Crusoe Aceite 190 gr,1890,1890
aceite,San José Choritos San José Aceite 425 gr,2590,2590
aceite,Tucapel Aceite De Arroz Tucapel 500 ml,3490,3490
aceite,Chef Aceite Chef Oliva Extra Virgen 250 cc,7590,7590
aceite,El Trebol El Trebol Aceite De Oliva 500 cc,5000,8190
aceite,Terra Santa Aceite De Oliva Terra Santa 500 cc,8890,8890
aceite,Esmeralda Atún Esmeralda Desmenuzado Aceite 170 gr,799,799
aceite,Robinson Crusoe Sardinas San Jose Aceite 125 Grs,999,999
aceite,Terra Santa Aceite De Oliva Terra Santa 250 cc,5790,5790
aceite,El Trebol Aceite De Oliva El Trebol 1 L,12000,14990
jamon,San Jorge Jamon Acaramelado San Jorge 200 Gr,2990,2990
jamon,Chillán Pate Teewurst Jamon Chillan 140Grs,1390,1390
jamon,Selz Galleta Selz Mini Jamon 35Grs,399,399
jamon,La Preferida Jamon Serrano La Preferida 80 Grs,3890,3890
jamon,San Jorge Jamón Planchado San Jorge 200 grs,2290,2290
jamon,Receta del Abuelo Jamon Serrano R/Abuelo 100 Gr,3590,3590
jamon,Receta del Abuelo Jamón Serrano R/Abuelo 65 Grs,2190,2190
jamon,Receta del Abuelo Jamon Pierna Receta Del Abuelo 200 Gr,3190,3190
jamon,Receta del Abuelo Pasta De Jamón Serrano Receta del Abuelo 125 gr,1090,1090
jamon,PF Paté De Jamón PF 125 gr,799,799
jamon,Receta del Abuelo Escalopa Kayser Vacuno Jamon Queso 120 Gr,1190,1190
jamon,Receta del Abuelo Paté De Jamon Receta del Abuelo 125 gr,999,999
queso,Huilco Queso Crema Huilco 190 Gr,1790,1990
queso,Quillayes Queso Camembert Quillayes 100 Gr,3190,3190
queso,Colun Queso Fresco Colun 320 Gr,2490,2490
queso,Colun Queso Crema Colun Natural 100 Grs,1690,1690
queso,Colun Queso Rallado Colun Regg 40 Gr,999,999
queso,Colun Queso Rallado Colun Parmes 40 Gr,999,999
queso,Colun Queso Ranco Colun Lam 150 gr SR,2290,2290
queso,Colun Queso Crema Colun Ciboulette 200 Gr,1690,1690
queso,Soprole Queso Crema Soprole Natural 200 G,1590,1590
queso,Los Alpes Queso Los Alpes Camembert 125 Grs,3390,3390
queso,Colun Queso Ranco Colun Laminado 150 Gr,2190,2190
queso,Soprole Queso Parmesano Soprole 40 Gr,1090,1090
queso,Soprole Queso Parmesano Soprole 80 Gr,2190,2190
queso,Runca Queso Mantecoso Runca 220 Grs,3290,3290
queso,Runca Queso Runka Granulado 500 Gr,5990,5990
queso,Quillayes Queso Chanco Laminado Quillayes 150 Gr,2590,2590
queso,Colun Queso Rallado Colun Parmes 80 Grs,1790,1790
queso,Colun Queso Gouda Lam Colun 150 Gr,2190,2190
queso,Colun Queso Crema Colun Tomate Orégano 100 Grs,1690,1690
queso,Colun Queso Rallado Colun Regg 80 Grs,1890,1890
queso,Soprole Queso Quilque Mantecoso 150 Gr,2290,2290
queso,Colun Queso Edam Laminado Colun 250 Grs,3590,3590
queso, Queso Mantecoso Laminado Huilco 400 gr,4000,4490
queso, Queso Gauda Laminado Huilco 400 gr,3890,3890
queso,Quillayes Queso Gauda Laminado Quillayes 150 Gr,1990,1990
queso,Evercrisp Doritos Queso 200 gr,1690,2090
queso,Colun Queso Ranco Colun Laminado 250 Gr,3190,3190
queso,Huilco Queso Gauda Laminado Huilco 250 gr,2790,2790
queso,Evercrisp Dorito Queso 285 grs,3190,3190
queso, Queso Chanco Laminado Huilco 400 gr,3990,3990
queso,La Vaquita Queso Mantecoso Laminado La Vaquita 250 grs,3490,3490
queso,La Vaquita Queso Mantecoso Laminado La Vaquita 500 Grs,6490,6490
queso,Los Tilos Queso Cabra Natural Los Tilos 200 Grs,5490,5490
queso,La Vaquita Queso Gauda Lam La Vaquita 500 Gr,6090,6090
queso,La Vaquita Queso Cream Cheese La Vaquita 227 Gr,3090,3090
queso,Evercrisp Ramitas Evercrisp Queso 230 gr,1590,2090
queso,La Vaquita Queso Gauda Gran La Vaquita 250 gr,3190,3190
queso,Colun Queso Crema Colun Ajo/Albahaca 100 Grs,1690,1690
queso,Colun Queso Crema Colun Cebolla Salteada 100 Grs,1690,1690
queso,Colun Queso Fresco Light Colun 400 Gr,2890,2890
queso,Colun Queso Mantecoso Rio Bueno 150 Grs,2000,2490
queso,La Vaquita Queso Gauda La Vaquita Lam 400 Gr,4990,4990
queso,La Vaquita Queso Crema La Vaquita 100 grs,849,849
queso,Los Tilos Queso de Cabra Los Tilos Orégano 200 Grs,6290,6290
queso,Colun Queso Crema Colun Salame 100 Gr,749,899
queso,Soprole Queso Crema Soprole Natural 100 G,799,799
queso, Lasagna 4 Quesos Sadia 600 gr,4190,4190
queso,Selz Galleta Selz Mini Queso 35 Grs,399,399
mantequilla,Calo Mantequilla Calo Untab 350 gr,4990,4990
mantequilla,Surlat Mantequilla Surlat Pan 200 gr,2000,2390
mantequilla,Calo Mantequilla Calo Pan 250 gr,3290,3290
mantequilla,Soprole Mantequilla Soprole Pan 125 Gr,1590,1590
mantequilla,Soprole Mantequilla Untable Soprole 200 Grs,3690,3690
mantequilla,Kumey Mantequilla Kumey 250 Grs,3290,3290
mantequilla,Colun Mantequilla Colun Pote 200 Gr,3290,3290
mantequilla,La Vaquita Mantequilla La Vaquita 250 Gr,3690,3690
mantequilla,Calo Mantequilla Calo Pan 125 Grs,1690,1690
mantequilla,President Mantequilla President 200 Grs. Pan,2890,2890
mantequilla,Soprole Mantequilla Soprole Sal De Mar 250 Gr,3190,3190
mantequilla,Los Alerces Mantequilla Los Alerces Pan 125 Gr,1690,1690
mantequilla,Los Alerces Mantequilla Los Alerces Pan 250 Gr,2990,2990
mantequilla,Rumay Mantequilla C/Sal Rumay 200 Gr,3290,3290
mantequilla,Soprole Mantequilla Soprole Pan S/Sal 250 Gr,3190,3190
mantequilla,Soprole Mantequilla Soprole Pan C/Sal 250 Gr,2790,2790
mantequilla,Costa Galleta Costa Mantequilla 140 Grs,749,749
mantequilla,Mckay Galleta Mckay Mantequilla 140 Grs,1090,1090
mantequilla,Costa Galleta Costa Mini Mantequilla 35 Grs,299,299
mantequilla,Alupaper Papel Mantequilla Alupaper 50 X 7.5 Mts,1690,1690
mantequilla,Sureña Margarina Sureña Mix Pote 500 Gr,3190,3190
mantequilla,Calo Margarina Calo 500G Pote,1890,1890
mantequilla,Calo Margarina Calo Light Pote 500 G,1890,1890
mantequilla,Calo Margarina Calo Mix 350 Gr,2390,2390
mantequilla,Next Margarina Next Pote Micro 500 Gr,2690,2690
mantequilla,Calo Margarina Calo Tradicional 900 gr,4590,4590
mantequilla,Deline Margarina Deline Pote 500 gr,2090,2090
mantequilla,Sureña Margarina Soprole Pan 250 Gr,1390,1390
mantequilla,Sureña Margarina Soprole Pote 500 Gr,2690,2690
mantequilla,Sureña Margarina Soprole Pan 125 Gr,699,699
mantequilla,Sureña Margarina Sureña Light Pote 500 gr,2190,2190
mantequilla,Qualy Margarina Tradicional Qualy 250 gr,1490,1490
mantequilla,Next Margarina Next Pan 250 Grs,1390,1390
mantequilla,Pamperita Margarina Pamperita Pan 250 Grs,1290,1290
salsa tomates,Robinson Crusoe Sardinas Robinson Crusoe Salsa Tomate 125 gr,1690,1690
salsa tomates,El Trebol Salsa Tomates El Trebol Doypack 200 Grs,449,449
salsa tomates,Robinson Crusoe Sardinas R.Crusoe Salsa Tomate Ovalada 425 Grs,2590,2590
salsa tomates,Robinson Crusoe Atún Robinson Crusoe Lomo Salsa Tomates Lata 160 gr,1990,1990
salsa tomates,Malloa Pack Salsa Tomates Malloa 6 x 200 grs,3990,3990
salsa tomates,El Trebol Pack Salsa Tomates El Trebol 6 unidades 200 grs,2390,2690
sopa pollo,Maggi Sopa Maggi Pollo Fideos 70 grs,599,849
sopa pollo,Maggi Sopa Maggi Pollo Arroz 70Grs,599,849
sopa pollo,Traverso Sopa Fideos Traverso Pollo 65 gr,1190,1190
sopa pollo,Maggi Sopa Maggi Consome Pollo 50 grs,599,849
sopa pollo,Maggi Sopa Maggi Pollo Semola 68 gr,599,849
sopa pollo,Gourmet Sopa Gourmet Pollo Fideos 70 Grs,549,549
sopa pollo,Vitelli Sopa Vitelli Pollo Vaso 65 gr,799,799
sopa pollo,Vitelli Sopa Vitelli Pollo Picante Vaso 65 gr,799,799
sopa pollo,Naturezza Sopa Naturezza Pollo Con Arroz 70 Grs,499,499
sopa pollo,Maggi Sopa para Uno Maggi Pollo Fideos 16 gr,499,499
vacuno,King Hamburguesa Vacuno K/Kong 185G,1090,1090
vacuno,Super Beef Churrasco Vacuno Superbeef 120 gr,1000,1290
vacuno,Llanquihue Hamburguesa Vacuno Llanquihue 125 Gr,1390,1390
vacuno,Llanquihue Hamburguesa Vacuno Llanquihue 55 Grs,599,599
vacuno,Montina Churrasco Vacuno Montina 120 Gr,1290,1290
vacuno,PF Hamburguesa Vacuno Pf 100 gr,699,699
vacuno,PF Churrasco De Vacuno PF 120 gr,1590,1590
vacuno,Super Beef Hamburguesa Vacuno Super Beef 100 grs,699,699
vacuno,Super Beef Albóndigas Vacuno Super Beef 150 Grs,1190,1190
vacuno,Llanquihue Churrasco Vacuno Llanquihue 90 Gr,1590,1590
vacuno,Nestle Picado Nestle Cazuela Vacuno 250 Grs,2890,2890
vacuno,La Preferida Hamburguesa La Preferida Vacuno 100 Grs,1190,1190
vacuno,La Crianza Hamburguesa La Crianza Vacuno Premium 100 Grs,999,999
vacuno,Receta del Abuelo Hamburguesa Vacuno Receta del Abuelo Bacon 100 gr,1090,1090
vacuno,La Crianza Hamburguesa Vacuno La Crianza 150 gr,1390,1390
vacuno,Receta del Abuelo Churrasco De Vacuno R/Abuelo 120 Gr,2090,2090
vacuno,Receta del Abuelo Escalopa Kayser Vacuno Jamon Queso 120 Gr,1190,1190
vacuno,Receta del Abuelo Hamburguesa Vacuno R/Abuelo Americano 100 Grs,1090,1090
vacuno,El Trebol Hamburguesa De Vacuno Premium El Trebol 100 gr,899,899
vacuno,La Crianza Hamburguesa Vacuno Ligth La Crianza 100 Grs,1090,1090
vacuno,Receta del Abuelo Hamburguesa Vacuno Receta del Abuelo Artesanal 150 gr,1990,1990
vacuno,Llanquihue Hamburguesa Llanquihue Premium Vacuno 100 Grs,1090,1090
vacuno,Receta del Abuelo Carne Molida Receta del Abuelo 250 Grs,2690,2690
filetitos,Ariztia Pechuga Pollo Desh Ariztia Bolsa 700 Gr,7190,7190
filetitos,Ariztia Filetillo Pollo Ariztia Bolsa 650 Grs,6990,6990
filetitos,Super pollo Pechuga Deshuesada Pollo 700 Gr,5690,5690
filetitos,Sadia Pechugas Pollo Sadia Reb. Tiras 300 gr,3290,3290
avena,Quaker Avena Instantánea Quaker 700 Grs,2000,2690
avena,Quaker Avena Quaker Instantánea 400 gr,2190,2190
avena,Quaker Avena Tradicional Quaker 700 grs,2000,2690
avena,Oso Avena Oso Instantánea 500 gr,1190,1190
avena,Vivo Avena Vivo Instantánea 700 Grs,1890,2390
avena,Simonds Jabón Simonds Dermo Avena Dp 750 cc,1390,2190
avena,Ecovida Galleta Ecovida Avena Shock 140 Grs,2090,2090
avena,Simonds Jabón Simonds Avena Dermo 500 ml,2490,2490
avena,Simonds Crema Simond's Dermocream Humectante Avena 150 ml,1690,1690
avena,Dermocream Dermocream Humect Avenas Oranicas 400 ml,4990,4990
avena,Vivo Tortilla Vivo Wrap con avena 264 gr,1990,1990
avena,Quaker Galletón Quaker Avena Arandano 40 gr,499,499
avena,El Trebol Jabón El Trebol Avena Dp 900 ml,1790,1790
avena,Le Sancy Jabon Le Sancy 150 Gr Aceite Avena Almendras,1590,1590
avena,Costa Galleta Costa G/Cereal Avena Cacao 185 Gr,1490,1490
avena,Le Sancy Jabón Le Sancy Avena Aceite de Almendras 90 grs,799,999
avena,Simonds Mi Primera Crema Simonds Avena Soft S/C 340Ml,3390,3390
pan,El Trebol Pan Italiano Trebol Unidad,2790,2790
pan,El Trebol Pan Ciabatta Trebol Unidad,2990,2990
pan,Soprole Mantequilla Soprole Pan S/Sal 250 Gr,3190,3190
pan,Casa Masa Pan Hamburguesa 6 Unidades,1390,1390
pan,El Trebol Pan Corriente Trebol Unidad,2090,2090
pan,Ideal Pan Ideal Hamburguesa 520 grs,2890,2890
pan,El Trebol Pan Hamburguesa Trébol Granel Kilo,2690,2690
pan,El Trebol Pan Copihue Granel Kilo,2690,2690
pan,Ideal Pan Pita Ideal Blanco 300 Gr,1690,1690
pan,Ideal Pan Hotdog Ideal 8 Unidades,2290,2290
pan,Ideal Pan Rayado Ideal 250 Gr,1390,1390
pan,Castaño Pan Castaño Parrillero 330 Grs,2390,2390
pan,Ideal Pan Blanco Ideal Xl 750 Gr,2590,2590
pan,Surlat Mantequilla Surlat Pan 200 gr,2000,2390
pan,Castaño Pan Blanco Familiar Castaño 570 Grs,2490,2490
pan,Castaño Pan Hot Dog Castaño 480 Grs,2190,2190
pan,Castaño Pan Multigrano Castaño 400 Grs,2390,2390
pan,Castaño Pan Pita Blanco Castaño 300 Grs,1790,1790
pan,Sureña Margarina Soprole Pan 250 Gr,1390,1390
pan,Calo Mantequilla Calo Pan 250 gr,3290,3290
pan,Castaño Pan Integral Linaza Chia Castaño 400 Grs,2390,2390
pan,Crucina Manteca Crucina Pan 200 Grs,1990,1990
pan,Soprole Mantequilla Soprole Pan 125 Gr,1590,1590
pan,President Mantequilla President 200 Grs. Pan,2890,2890
pan,Next Margarina Next Pan 250 Grs,1390,1390
pan,Pamperita Margarina Pamperita Pan 250 Grs,1290,1290
pan,Sureña Margarina Soprole Pan 125 Gr,699,699
pan,Calo Mantequilla Calo Pan 125 Grs,1690,1690
pan,Casa Masa Pan De Pascua Casa Masa 500 Grs,2690,2690
pan,Collico Harina Collico Pan Rustico 1 Kg,1490,1490
pan,Los Alerces Mantequilla Los Alerces Pan 125 Gr,1690,1690
pan,Los Alerces Mantequilla Los Alerces Pan 250 Gr,2990,2990
pan,Soprole Mantequilla Soprole Pan C/Sal 250 Gr,2790,2790
pan,Castaño Pan Coctel Mini Toast Castaño 90 Grs,2390,2390
pan,Casa Masa Hallulla Precocida 9 Unidades,1990,1990
jurel,El Trebol Jurel Al tomate El Trébol 425 gr,1390,1390
jurel,San José Jurel San Jose Natural 425 Grs,2000,2390
jurel,Colorado Jurel Colorado Natural 425 Grs,1790,1790
jurel,San José Jurel San Jose Medallón Nat 425 gr,1790,1790
jurel,Barquito Jurel Barquito Tomate 425 gr,1390,1390
jurel,Barquito Jurel Natural Barquito 425 gr,1000,1390
jurel,Unico Jurel Natural Unico 425 gr,1590,1990
jurel,Unico Jurel Unico Natural 200 grs Neto 130 grs Drenado,999,999
jurel,San José Jurel Lomo San Jose Ahumado 160 grs Neto 104 grs Drenado,1090,1090
jurel,San José Jurel Lomo San Jose Aceite 160 grs Neto 104 grs Drenado,1090,1090
jurel,San José Jurel San José Natural Bajo Sodio 425 gr,2390,2390
jurel,San José Jurel Lomo San Jose Natural 160 grs Neto 104 grs Drenado,1090,1090
café,Gold Café Gold 170 gr,6000,6990
café,Monterrey Café Monterrey 100 gr,4190,4190
café,Monterrey Café Monterrey 50 gr,2790,2790
café,Gold Café Gold 50 gr,3290,3290
café,Gold Café Gold 100 gr,6290,6290
café,Monterrey Café Monterrey 170 gr,5890,5890
café,Gold Café Gold Excelso 250 gr,6490,6490
café,Gold Café Gold Forte 250 gr,7290,7290
café,Gold Café Gold Descafeinado 100 gr,7890,7890
café,Gold Café Gold Descafeinado 250 gr,8490,8490
café,El Trebol Café El Trébol Liofilizado 170 gr,6690,6690
café,Gold Café Gold Premier Frasco 170 gr,9690,9690
café,El Trebol Café El Trébol Liofilizado 100 gr,3490,4190
café,Gold Café Gold Premier Frasco 50 gr,3790,3790
café,El Trebol Café El Trébol Granulado Descafeinado 170 gr,6690,6690
café,En Linea Café En Linea Con Leche 104 gr,2790,2790
café,El Trebol Café El Trébol Granulado Clásico 170 gr,5000,5000
café,Monterrey Café Monterrey Grano Molido Moka 250 Grs,6090,6090
café,El Trebol Café El Trébol Granulado Clásico 100 gr,3000,3490
café,Nugget Betún Nugget Café 65 ml,2190,2190
café,Colun Leche Colun Café Cappuccino 1L,2390,2390
café,Virginia Betún Líquido Virginia Café 60 ml,2790,2790
café,Nugget Betún Líquido Nugget Café 60 ml,3290,3290
café,Kahlua Licor Kahlua Cafe 20° 750 cc,9990,9990
café,Colun Leche Colun Café Caramelo 330 Cc,899,1090
café,Nescafe Nescafé Tradición 170 gr,6990,6990
café,Nescafe Nescafé Dolca 195 grs,6690,6690
café,Nescafe Nescafe Tradicion Dawn 170Grs,10190,10190
café,Nescafe Nescafe Tradicion Frasco 100 Grs,6390,6390
café,Coronado Coronado 100 Grs.,2390,2390
café,Ecco Ecco 100 Grs,3090,3090
café,Nescafe Nescafe Dolca 50 Grs,2690,2690
café,Nescafe Nescafe Tradicion 50 Grs,3690,3690
café,Nescafe Nescafé Dolca 170 gr,5190,5190
café,Nescafe Nescafe Fina Selección Frasco 100 Grs,8790,8790
café,Ecco Ecco 170 gr,2890,3690
café,Nescafe Nescafe Dolca 100 Grs,5190,5190
café,Ecco Ecco 50 Grs,1890,1890
café,Nescafe Nescafé Fina Selección Frasco 200 Grs,9000,12990
café,Nescafe Nescafe Fina Selección Frasco 50 Grs,5190,5190
café,Nescafe Nescafe Tradicion 100 Grs,6490,6490
café,Nescafe Nescafé Tradición 210 Grs,6000,6990
té,Te Supremo Té Supremo Especial 250 gr,1890,1890
té,Lipton Te Lipton Verde 20Bls,3290,3290
té,Superior Té Superior Ceylan 250 Grs,3390,3390
té,Supremo Té Supremo Brasil 20 Bolsitas,849,849
té,Emblem Té Emblem Ceylan 100 Bolsitas,2000,2790
té,Mildred Té Mildred Ceylan 100 Bolsitas,2690,3590
té,Twinings Té Twinings Indian Chai 10 Bolsas,2000,2000
té,Orjas Té Orjas Limon Lata 30 Grs,1590,1590
té,Supremo Té Supremo Ceylan Express 50 Bolsitas,2390,2390
té,Supremo Te Supremo Ceylan Oro 20 Bls,1690,1690
té,Supremo Te Supremo Ceylan Oro 250 Grs,3790,3790
té,Superior Té Superior Ceylan 125 Grs,2090,2090
té,Regal Té Verde Regal 100 Bolsitas,1690,1690
té,Aroma Té Aroma Ceylan 100 Bolsitas,3290,3290
té,Superior Te Superior Ceylan 75 Bls,3190,3190
té,Supremo Té Supremo Ceylan Premium 100 Bolsas,4690,5690
té,Supremo Té Supremo La Rendidora 20 Bolsas,699,699
té,Dilmah Té Dilmah Negro Ceylon 20 Bolsitas,2290,2290
té,Supremo Te Supremo Rojo Chino 20 Bls,3090,3090
té,Regal Té Negro Ceylon Regal 100 Bolsitas,1690,1690
té,Twinings Té Twinings Earl Grey 50 Bls,6990,6990
té,Twinings Té Twinings English Breakfast 10 bolsas,2890,2890
té,Supremo Té Supremo Jengibre Limón 20 Bls,1990,1990
té,Supremo Té Supremo La Rendidora 100 Bolsas,2490,2490
té,Gourmet Té Supremo Gourmet Canela 20 Bolsas,2190,2190
té,Twinings Té Twinings Earl grey 10 Bolsas,2890,2890
té,Twinings Té Twinings Lady grey 10 Bolsas,2000,2000
té,Twinings Té Twinings Pure Ceylon 10 Bolsas,2000,2000
té,Twinings Té Twinings English Breakfast 50 Bls,6990,6990
té,Orjas Té Orjas Verde Lata 30 gr,2390,2390
té,Dilmah Té Dilmah Negro Ceylan Pre 100 Bolsitas,5000,6990
té,Livean Livean Te Verde Limon 7 Grs.,299,299
té,Te Supremo Té De Hierbas Supremo Tilo 20 Bolsitas,1490,1490
té,Te Supremo Hierbas Supremo Manzanilla Miel 20 Bls,1390,1390
té,Te Supremo Hierbas Supremo Cedron 20 Bls,1290,1290
té,Te Supremo Hierbas Supremo Llanten 20 Bls,1190,1190
té,Lipton Lipton Geen Tea Pet 1.5 Litros,2290,2290
té,Lipton Lipton Ice Tea Frambueza Pet 1.5 Litros,2290,2290
yogurt,Colun Yogurt Protein Plus Frutilla 190 gr,1290,1290
yogurt,Calan Yogurt Calan Chirimoya 110 grs,299,299
yogurt,Calan Yogurt Calan Frutilla 110 grs,299,299
yogurt,Calan Yogurt Calan Vainilla 110 grs,299,299
yogurt,Nestle Yogurt Chamyto Sin Azúcar Vainilla 115 gr,399,399
yogurt,Surlat Yogurt Batido Surlat Frutilla 110 grs,249,249
yogurt,Surlat Yogurt Batido Surlat Damasco 110 grs,249,249
yogurt,Surlat Yogurt Batido Surlat Vainilla 110 grs,249,249
yogurt,Danone Yogurt Griego Trozo Papaya 110 grs,649,649
yogurt,Soprole Yogurt Soprole Protein+ Natural 155 gr,829,829
yogurt,Colun Yogurt Protein Plus Chirimoya 190 gr,1290,1290
yogurt,Colun Yogurt Colun Light Frutilla Sin Azúcar 120 grs,319,319
yogurt,Danone Yogurt Griego Danone Oikos Natural 150 g,649,649
yogurt,Nestle Yogurt Chamyto Sin Azúcar Frutilla 115 gr,399,399
yogurt,Danone Yogurt Griego Trozo Durazno 110 grs,649,649
yogurt,Danone Yogurt Griego Trozo Frutilla 110 grs,649,649
yogurt,Colun Yogurt Colun Light Vainilla Sin Lactosa 120 grs,399,399
yogurt,Colun Yogurt Colun Light Frutilla Sin Lactosa 120 grs,399,399
yogurt,Colun Yogurt Colun Light Chirimoya Sin Lactosa 120 grs,399,399
yogurt,Colun Yogurt Colun Light Chirimoya Sin Azúcar 120 grs,319,319
yogurt,Colun Yogurt Proteín Plus11 Squeeze Vainilla 150 gr,749,749
yogurt,Colun Yogurt Proteín Plus11 Squeeze Frutilla Plátano 150 gr,749,749
yogurt,Soprole Yogurt Soprole Chirimoya 175 gr,599,599
yogurt,Soprole Yogurt Soprole Light Vainilla 120 gr,399,399
yogurt,Danone Yogurt Danone Natural Diet 115 gr,349,349
yogurt,Soprole Yogurt Soprole Light Trozo Frutilla 155 gr,699,699
yogurt,Los Alerces Yogurt Los Alerces Frutilla Bolsa kg,1690,1690
yogurt,Soprole Yogurt 1+1 Pack 5 X 140 gr,3490,3490
yogurt,Soprole Yogurt Soprole Light Trozo Papaya 155 gr,699,699
yogurt,Soprole Yogurt Gold Lúcuma Nuez 165 gr,799,799
yogurt,Soprole Yogurt Soprole Protein+ Vainilla 155 gr,829,829
yogurt,Soprole Yogurt Zerolacto Chirimoya 120 gr,399,399
yogurt,Soprole Yogurt Soprole Protein+ Maracuyá 155 gr,899,899
yogurt,Soprole Yogurt Soprole Protein+ Chirimoya 155 gr,829,829
yogurt,Soprole Yogurt Zero Lacto Frutos Secos 155 gr,699,699
yogurt,Soprole Yogurt Zero Lacto Trozos Frutilla 155 gr,699,699
yogurt,Soprole Yogurt Gold Chocolate Almendra 165 gr,799,799
yogurt,Colun Yogurt Protein Plus11 Squeeze Frutilla 150 gr,749,749
yogurt,Danone Yogurt Griego Danone Colchón Frutilla 150 gr,649,649
yogurt,Colun Yogurt Colun Sin Lactosa Damasco 125 gr,399,399
yogurt,Colun Yogurt Colun Sin Lactosa Mora 125 gr,399,399
yogurt,Colun Yogurt Colun Sin Lactosa Vainilla 125 Grs,399,399
yogurt,Danone Yogurt Griego Danone Colchón Durazno 150 gr,649,649
yogurt,Colun Yoghurt Colun Cereza 125 gr,299,299
yogurt,Nestle Cereal Chocapic C/Cuchara 142 grs,749,749
yogurt,Nestle Yoghurt Goodnes Protein Chirimoya 140 grs,649,649
yogurt,Colun Pack Yog Colun F Del Sur 12 X 125 Gr,3490,3490
yogurt,Nestle Yoghurt Nestle Frutilla 115 gr,349,349
jalea,Colun Jalea Colun Frambuesa 100 Gr,299,299
jalea,Nestle Jalea Nestle Pina 110 G,399,399
jalea,Soprole Jalea Soprole Piña 110 Gr,399,399
jalea,Regimel Jalea Regimel Arándano 100 grs,599,599
jalea,Colun Jalea Colun Naranja 100 Gr,299,299
jalea,Soprole Jalea Soprole Guinda 110 Gr,399,399
jalea,Colun Jalea Colun Limon 100 gr,299,299
jalea,Colun Jalea Colun Piña 100 Gr,299,299
jalea,Regimel Jalea Regimel Frambuesa 100 grs,599,599
jalea,Colun Jalea Colun Guinda 100 Gr,299,299
jalea,Simonds Jabón Líquido Dermo Jalea Real Litro,2890,2890
jalea,Simonds Jabón Simonds Dermocare Jalea Real 750,2190,2190
puré,Alcafood Puré Alcafood Tradicional 250 gr,2090,2090
puré,Alcafood Puré Alcafood Tradicional 125 gr,1290,1290
puré,Hoffmann Puré Papas Hoffmann Instantáneo 250 Grs,2290,2290
puré,Alcafood Puré Alcafood Tradicional con pollo para uno 47 gr,1190,1190
puré,Alcafood Puré Alcafood Merquén 125 Grs,1490,1490
puré,De la Huerta Puré de Tomates De La Huerta 530 Grs,1000,1190
puré,Alcafood Puré Alcafood merkén con pollo para uno 47 gr,1190,1190
puré,Twinings Té Twinings Pure Ceylon 10 Bolsas,2000,2000
puré,Fresh Up Toalla Húmeda Pure 99% Agua x 60 Unidades,2190,2190
puré,Airwick Ambiental Airwick Pure Algodón 250 ml,5390,5390
harina,Oso Harina Tostada Oso Kilo,2390,2390
harina,Collico Harina Collico 3 Kg,3590,3590
harina,Selecta Harina Selecta Integral 1 Kg,2690,2690
harina,Oso Harina Tostada Oso 500 Grs,1290,1290
harina,Lucchetti Harina Lucchetti S/P Kilo,1990,1990
harina,Kunstmann Harina Tostada Kunstmann 500 Grs,1090,1090
harina,Selecta Harina Selecta Bake 650 Grs,2790,2790
harina,Lucchetti Harina Lucchetti S/P 3Kgs,4990,4990
harina,Selecta Harina Selecta C/P Kilo,1690,1690
harina,Selecta Harina Selecta S/P Kilo,1690,1690
harina,Collico Harina Collico Super 5 Kg,6690,6690
harina,Collico Harina Collico Fuerza 1 Kg,1390,1390
harina,Collico Harina Collico Pan Rustico 1 Kg,1490,1490
harina,Lucchetti Harina Lucchetti S/P 5 Kilos,8290,8290
harina,Lucchetti Harina Lucchetti C/P Kilo,1890,1890
harina,Selecta Harina Selecta S/P 5 Kilos,7290,7290
harina,Finezza Harina Finezza Todo Uso 1 Kilo,1000,1190
harina,Divella Harina Polenta Divella Precocida 500 Grs,2790,2790
harina,Mariposa Harina Mariposa Sin Polvos Papel 1 Kg,1290,1290
harina,Tucapel Harina Tucapel Arroz S/Gluten 500 Grs,1290,1290
harina,Mont Blanc Harina Mont Blanc S/P 5 Kilos,7090,7090
harina,Kunstmann Harina Kunstmann S/P Papel 750 gr,1090,1090
harina,Collico Harina Collico C/P 1 Kg,1290,1290
harina,Collico Harina Collico Sin Polvos de Hornear 1 Kilo,1190,1190
harina,Mont Blanc Harina Mont Blanc Sin Polvos de Hornear Kilo,1190,1490
harina,Mont Blanc Harina Mont Blanc Con Polvos de Hornear Kilo,1190,1490
harina,Mont Blanc Harina Mont Blanc Sin Polvo de Hornear 3 Kg,3890,3890
harina,Collico Mezcla Collico Tres Leches 400 Gr,3890,3890
harina,Selecta Queque Tortalista Marmol 380 Grs,3390,3390
harina,Selecta Bizcocho Tortalista Chocolate 500 gr,3390,3390
salchicha,San Jorge Vienesa Pavo San Jorge 250 gr,1290,1290
salchicha,San Jorge Vienesa Pavo San Jorge 1 Kg,4390,4390
agua,Guallarauco Agua Guallarauco Pera 500 cc,1590,1590
agua,Guallarauco Agua Guallarauco Limón 500 cc,1590,1590
agua,Guallarauco Agua Guallarauco Manzana 500 cc,1590,1590
agua,Guallarauco Agua Guallarauco Pera Botella 1 L,1890,1890
agua,Guallarauco Agua Guallarauco Manzana Botella 1 L,1890,1890
agua,Antartic Chorito Antartic Agua 425 gr,2590,2590
agua,Guallarauco Agua Guallarauco Mango Maracuya Botella 1L,1890,1890
agua,Guallarauco Agua Guallarauco Mango Maracuya 500 cc,1590,1590
agua,Vivo Galleta Vivo Agua 140 Grs,949,949
agua,Robinso Crusoe Chorito Robinson Crusoe Agua 190 gr,1890,1890
agua,San José Choritos San José Agua 190 gr,1690,1690
agua,Angelmó Atún Angelmó Lomitos Agua 160 Grs,1590,1590
agua,Antartic Chorito Antartic Agua 190 Grs,1190,1190
agua,Angelmó Atún Angelmó Desmenuzado Agua 160 gr,1190,1190
agua,Robinso Crusoe Chorito R.Crusoe Agua 425 Grs,3290,3290
agua,Antartic Jibia Antartic Agua 425 Grs,3290,3290
agua,Esmeralda Atún Esmeralda Desmenuzado Agua 170 gr,799,799
agua,San Francisco Helado San Francisco Agua Piña L,4390,4390
agua,Antartic Atún Antartic Desmenuzado Agua 160 grs,999,999
agua,Van Camps Atún Van Camps Lomo Agua 160 gr,1990,1990
agua,El Trebol Atún El Trebol Lomo Agua 160 gr,1390,1390
agua,San José Atún San José Lomo Agua 160 gr,1490,1490
agua,Livean Livean Pera De Agua 9 Grs,299,299
agua,Antartic Surtido Antartic Mariscos Agua 425 Grs,2590,2590
agua,Fresh Up Toalla Húmeda Pure 99% Agua x 60 Unidades,2190,2190
agua,Vivo Jugo Vivo Pera De Agua 8 G,279,279
agua,Selz Galleta Selz Agua Light Pack 600 Grs,3690,3690
agua,Fresh Up Toallitas desmaquillantes Care Up Con Agua Micelar 25 unid,1590,1590
agua,Robinson Crusoe Atún Robinson Crusoe Lomo Agua Lata 140 grs Neto 91 gr Drenado,1990,1990
agua,Aquarius Aquarius Manzana botella 1600 cc,1290,1290
agua,Cachantun Cachantun Más Jenjibre botella 1.6 L,1000,1490
agua,Vital Vital Sin Gas 600 cc,849,849
agua,Love Lemon Love Lemon Light Pet 385 cc,1690,1690
agua,Love Lemon Love Lemon Light 475 cc,2390,2390
agua,Love Lemon Love Lemon Original 475 cc,2390,2390
agua,Lipton Lipton Ice Tea Limón Pet 1.5 L,2290,2290
agua,Cachantun Cachantun Light Botella 1.6 L,869,1190
agua,Cachantun Cachantun S/Gas Pet 600 cc,699,899
agua,Cachantun Cachantun Mas Pera Botella 1.6 L,1000,1490
agua,Cachantun Cachantun Más Granada botella 1.6 L,1000,1490
agua,Aquarius Aquarius Pera Desechable 500 cc,999,999
agua,Cachantun Cachantun Más Citrus 600 cc,799,1190
agua,Cachantun Cachantun Más Piña 600 cc,799,1190
agua,Cachantun Cachantun Más Uva 600 cc,799,1190
agua,Cachantun Cachantun Mas Granada 600 cc,799,1190
agua,Cachantun Cachantun Más Piña Botella 1.6 L,1000,1490
agua,Cachantun Cachantun Strong Gas 1600 cc,869,1190
agua,Cachantun Cachantun L/Gas Pet 600 cc,699,899
leche,Leche Sur Leche Condensada Leche Sur Sucedaneo 397 gr,1990,1990
leche,Leche Nido Leche Soprole Bolsa 800 Grs,6990,6990
leche,Colun Leche Colun Manjar 1Lt,1790,1790
leche,Colun Leche Colun Frutilla 1 Litro,1790,1790
leche,Colun Leche Colun Café Cappuccino 1L,2390,2390
leche,Colun Leche Colun Chocolate 200 Cc,599,599
leche,Colun Leche Colun Frutilla 200 Cc,599,599
leche,Colun Leche Colun Manjar 200 Cc,599,599
leche,Colun Leche Entera Colun 200 Cc,549,549
leche,Soprole Leche Soprole Entera 1 Litro,1490,1490
leche,Colun Leche Colun Vainilla 1 Lt,1790,1790
leche,Soprole Leche Soprole Frutilla 200 Ml,549,549
leche,Colun Leche Colun Descremada Litro,1490,1490
leche,Soprole Leche Entera Natural Soprole Lt,1490,1490
leche,Soprole Leche Soprole Chocolate 200 Ml,549,549
leche,Soprole Leche Soprole Entera 200 Ml,599,599
leche,Nestle Leche Condensada Nestle 397 Grs,1590,2190
leche,Colun Leche Colun Vainilla 200 Cc,599,599
leche,Soprole Leche Soprole Chocolate Proteína 1L,2290,2290
leche,Colun Leche Colun Semidescremada 200 cc,549,549
leche,Soprole Leche Protein+ Soprole Blanca Lt,2390,2390
leche,Colun Leche Colun Semi Chocolate 1 Ltr,1790,1790
leche,Soprole Leche Soprole Choco Light 200 Ml,549,549
leche,Soprole Leche Soprole Cookies Cream 200 ml,599,599
leche,Nido Leche Nido Instantánea 1350 Grs,12000,16990
leche,Colun Leche Colun Choc Light 200 Cc,699,699
leche,Calo Leche Calo Instantanea 900 Grs,7490,7490
leche,Soprole Leche Soprole Descremada 1 Litro,1290,1290
leche,Colun Leche Colun Descremada 200 Cc,549,549
leche,Soprole Leche Soprole Semidescremada 1 Litro,1290,1290
leche,Colun Leche Colun Chocolate Original 1 Lt,1790,1790
leche,Nestle Leche Trencito Chocolate Tetra 200 cc,699,699
leche,Colun Leche Colun Chocolate Ro 200 Cc,599,599
leche,Surlat Leche Surlat Entera Sin Tapa 1 Litro,1290,1290
leche,Colun Leche Colun Semidescremada 1 Lt,1490,1490
leche,Colun Leche Cultivada Light Chirim 180 Cc,649,649
leche,Colun Leche Polvo 0% Colun 350 Grs,3690,3690
leche,Colun Leche Polvo Colun Entera 1440 Gr,13690,13690
leche,Surlat Leche Surlat S/Lactosa Descremada Litro,1690,1690
leche,Soprole Leche Soprole Chocolate Proteina 200 ml,599,599
leche,Colun Leche Entera Colun S/Lactosa Edge Lt,1290,1490
leche,Calo Leche Calo Lp Crecer 4+ 800Grs,7790,7790
leche,Novamilk Leche Evaporada Novamilk 386 gr,1890,1890
leche,Colun Leche Polvo 26% Colun 400 Grs,3990,3990
leche,Colun Leche Polvo 0% Colun 800 Grs,7690,7690
leche,Colun Leche Cultivada Colun Light Frambuesa 1 L,2290,2290
leche,Surlat Leche Surlat S/Lacto Semidesc Lt,1690,1690
leche,Colun Leche Sin Lactosa Chocolate Edge Lito,1890,1890
jugo,Afe Jugo Afe Pera 300 cc,1590,1590
jugo,Afe Jugo Afe Membrillo 300 cc,1590,1590
jugo,De la zona Naranja Jugo kilo,1790,1790
jugo,Bless Jugo Bless Element Pera Manzana 200 ml,929,929
jugo,Traverso Jugo Conc Traverso Mango 900 Cc,1890,1890
jugo,Traverso Jugo Conc Traverso Naranja 900 Cc,1890,1890
jugo,Afe Jugo Afe Ciruela 300 cc,1590,1590
jugo,Afe Jugo Afe Manzana Roja 300 cc,1990,1990
jugo,Traverso Jugo Conc Traverso Piña 900 Cc,1890,1890
jugo,Vivo Jugo Vivo Papaya 8 Grs,279,279
jugo,Traverso Jugo Conc Traverso Damasco 900 cc,1890,1890
jugo,Traverso Jugo Conc Traverso Frutilla 900 Cc,1890,1890
jugo,Bless Jugo Bless Beterraga Zanahoria Manzana 300 ml,1890,1890
jugo,Traverso Jugo Limón Traverso 500 Cc,1000,1190
jugo,Bless Jugo Bless Element Damasco Manzana 200 ml,929,929
jugo,Traverso Jugo Conc Traverso Melon Tuna 900 Cc,1890,1890
jugo,Livean Jugo en Polvo Livean Frutilla 9 gr,299,299
jugo,Vivo Jugo Vivo Naranja 9 Grs,279,279
jugo,Dimel Jugo De Limon Dimel 1Lts,1990,1990
jugo,Vivo Jugo Vivo Frutilla 9 Gr,279,279
jugo,Guallarauco Jugo Guallarauco Mango Pet 1 Lt,2890,2890
jugo,Vivo Jugo Vivo Piña 9Gr,279,279
jugo,Dimel Jugo De Limón Dimel 500 cc,1190,1190
jugo,Ama Jugo Ama Orgánico Manzana Kiwi 300 cc,1890,1890
jugo,Higueras Jugo Limón Higueras 500 cc,999,999
jugo,Traverso Jugo Limón Traverso 1 L,1890,2190
jugo,Zuko Jugo en Polvo Zuko Go Light Blue 8 gr,499,499
jugo,Don Juan Jugo De Limón Don Juan 500 cc,799,899
jugo,Vivo Jugo Vivo Dur/Huesillo 8 Gr,279,279
jugo,Guallarauco Jugo Guallarauco Piña Mango Naranja Pet 1 Lt,2890,2890
jugo,Zuko Jugo en Polvo Zuko Go Light Naranja 8 gr,499,499
jugo,Vivo Jugo Vivo Pera De Agua 8 G,279,279
jugo,Traverso Jugo de Limón Traverso 60% 320 cc,1490,1490
jugo,Watts Néctar Watts 0% Azúcar Naranja 300 cc,799,1090
jugo,Watts Néctar Watts Naranja Light Tetra 200 Cc,399,399
jugo,Frugo Néctar Frugo Naranja Pet 2 lt,1000,1490
jugo,Frugo Néctar Frugo Piña Pet 2 lt,1000,1490
jugo,Watts Néctar Watts Piña Sq lt,1090,1090
jugo,Livean Néctar Livean Durazno 200 cc,499,499
jugo,Soprole Néctar Soprole Damasco 200 ml,499,499
jugo,Andina Néctar Andina Damasco Botella 1.5 L,1890,1890
jugo,Andina Néctar Andina Durazno Light Botella 1.5 L,1890,1890
jugo,Soprole Néctar Soprole Piña 200 ml,499,499
jugo,Andina Néctar Andina Durazno Botella 1.5 L,1890,1890
jugo,Andina Nectar Del Valle Piña 1.75 L,1890,2090
jugo,Watts Néctar Watts 0% Azúcar Mango 1.5 Litros,1990,1990
jugo,Watts Néctar Watts Light Durazno 1.5 Litros,1990,1990
jugo,Soprole Néctar Soprole Durazno 1 Litro,999,999
papel higiénico,Fresh Up Papel Higiénico Húmedo Care Up x 80 Unidades Con Tapa,2000,2490
papel higiénico,Confort Papel Higiénico Confort Dh 4Rll 50Mts,4190,4190
papel higiénico,Confort Papel Higiénico Confort Dh 8 Rollos 40 Metros,4000,4790
papel higiénico,Elite Papel Higiénico Elite Ultra Dh 24Rll 25Mts,10000,19990
papel higiénico,El Trebol Papel Higiénico Trebol 24 Unidades x 25 mts,6000,8990
papel higiénico,Confort Papel higiénico Confort D/H 30 Mts 4 Und,2090,2090
papel higiénico,El Trebol Papel Higiénico El Trébol D/H 25 mt Conveniente 24 Rollos,5490,6990
papel higiénico,El Trebol Papel Higiénico Trebol Ultra Soft Doble Hoja 8 rollos 50 mts,4690,4990
papel higiénico,Confort Papel Higiénico Confort Doble Hoja 24 rollos 25 mts,8990,8990
papel higiénico,Confort Papel Higiénico Confort D/H 4 Rollos 27 mts,1690,1890
papel higiénico,Elite Papel Higiénico Elite Ultra Doble Hoja 50 mt X 8 und,6000,8490
papel higiénico,Confort Papel Higiénico Confort Max 100 Mts. X 4 Und.,5190,5190
papel higiénico,Swan Papel Higiénico Swan Mi Hogar Doble Hoja 4 Rollos 50 mts,2390,2390
papel higiénico,Elite Papel Higiénico Elite Ultra Doble Hoja 50 Mts. X 4 Und.,5190,5190
papel higiénico,Swan Papel Higiénico Swan Hogar Doble Hoja 24 Rollos 25 mts,7490,7490
papel higiénico,Confort Papel Higiénico Confort Max Una Hoja 100 mts x 8 Und.,8790,8790
papel higiénico,Confort Higiénico Confort Doble Hoja 40 rollos 22 mts,11000,12790
papel higiénico,Fresh Up Toalla Húmeda Adulto x 60 Unid 22x30 cms. Biodegradable y Compostable,3000,3690
jabón,Simonds Mi Primer Jabón Simonds,2990,2990
jabón,Dove Jabón Dove Tripack 90 gr Karite,3890,3890
jabón,Papilion Jabón Líquido Papilion Vainilla 500 ml,1490,1490
jabón,Papilion Jabón Líquido Pomegranate 500 ml,1490,1490
jabón,Protex Jabón Barra Protex Omega 3 125 grs,1090,1090
jabón,Simonds Jabón Simonds Dermo Cremoso Dp 750 cc,1390,2190
jabón,Dove Jabón Dove Barra Blanco 90 Grs,2690,2690
jabón,Popeye Jabón Popeye Líquido DP 1 L,5290,5290
jabón,Simonds Jabón Simonds Avena Dermo 500 ml,2490,2490
jabón,Papilion Jabón Líquido Papilion Orchid 500 ml,1490,1490
jabón,Simonds Jabón Chocolate Almendras Doypack 750 grs,1390,2190
jabón,Giselle Jabón Giselle Surtido Pack 2 300 gr,2690,2690
jabón,Le Sancy Jabon Le Sancy Barra Verbena Karite 150Grs,1790,1790
jabón,Protex Jabon Protex Antibacterial Limpieza Profunda Barra 3X90Grs,3690,3690
jabón,Kadus Jabón Líquido Kadus Miel Dp 900 ml,1490,1490
jabón,Simonds Jabón Simonds Dermo Avena Dp 750 cc,1390,2190
jabón,Le Sancy Pack Jabon Le Sancy Verbena Karite 150 gr,3790,3790
jabón,Simonds Jabón Afrecho Simonds Hipoalergénico 340 ml,2190,2190
jabón,Gisselle Jabon Gisselle Hidratante DP 750 ml,1790,1790
jabón,Dove Jabón Dove Karite Vainilla 90Grs,2690,2690
jabón,Kadus Jabón Líquido Kadus Manzana Miel 900 ml,1490,1490
jabón,Protex Jabón Barra Protex Aloe 125 Grs,1090,1090
jabón,Kadus Jabón Liquido Kadus Vainilla Coco 900 ml,1490,1490
jabón,Papilion Jabón Líquido Papilion Blackberry 500 ml,1490,1490
jabón,Simonds Jabón Líquido Dermo Jalea Real Litro,2890,2890
jabón,Giselle Jabón Giselle Surtido Pack 3 270 gr,1890,1890
jabón,Elite Jabón Elite Humectante Líquido Doypack 700 ml,3190,3190
jabón,Papilion Jabón Líquido Papilion Silk Bloom 500 ml,1490,1490
jabón,El Trebol Jabón El Trebol Avena Dp 900 ml,1790,1790
jabón,Le Sancy Jabón LÍquido Le Sancy Doypack 450 ml,1000,1290
jabón,Popeye Jabón Popeye Marsella 170 gr,999,999
jabón,Simonds Jabón Crema Simonds Humectante Ph 5.5 850Ml,3290,3290
jabón,Elite Jabón Humectante Elite Barra 3 x 90 gr,2890,2890
jabón,Simonds Jabón Líquido Dermo Care Chocolate Hipoalergénico 1 Litro,2790,2790
jabón,El Trebol Jabón El Trebol Crema Humectante Dp 900 ml,1790,1790
jabón,Simonds Jabón Simonds Dermocare Jalea Real 750,2190,2190
jabón,Popeye Jabón Popeye Súper Blanco 170 gr,1190,1190
jabón,Le Sancy Jabon Le Sancy 150 Gr Aceite Avena Almendras,1590,1590
jabón,Simonds Jabón líquido Crema Simonds Clásico Humectante 500 ml,2490,2490
jabón,El Trebol Jabón El Trebol Manzana Miel Dp 900 ml,1790,1790
jabón,El Trebol Jabón El Trebol Yoghurt Arándano Dp 900 ml,1790,1790
jabón,Simonds Jabón Líquido Dermo Care Aloe Vera Hipoalergénico 1 Litro,2890,2890
jabón,Simonds Jabón Afrecho Leche De Coco Doypack 750 grs Simond's Dermo,1390,2190
jabón,Vanish Jabón En Barra Vanish 75 Gs,1590,1790
jabón,Le Sancy Jabón Le Sancy Avena Aceite de Almendras 90 grs,799,999
jabón,Virutex Mago Pads S/Jabon X6 Bolsa - Clásica,1290,1290
jabón,Virutex Mago Pads C/Jabon X6 Estuche - Clásica,1690,1690
jabón,Popeye Jabón Popeye Extra Blanco 170 gr,1190,1190
lavalozas,Wyn Lavalozas Wyn 750 ml,1790,1790
lavalozas,El Trebol Lavalozas Trébol 1.5 Litros,2690,2990
lavalozas,El Trebol Lavalozas 750 ml Trebol,1290,1590
lavalozas,Impeke Lavaloza Impeke Limón 750 ml,1490,1490
lavalozas,Popeye Lavaloza Popeye Hipoalergénico DP 1 L,2190,2190
lavalozas,Virutex Lavaloza Virutex Biodegradable 500 cc,949,1690
lavalozas,El Trebol Lavaloza Concentrado Trebol 1.5 Litros,2290,2990
lavalozas,Quix Lavaloza Quix Concentrado 1500 ml,3000,3990
lavalozas,Virginia Lavalozas Virginia Limón Citrus 750 ml,1790,1790
lavalozas,Virutex Lavaloza Higienizante Virutex 500 ml,949,1690
lavalozas,El Trebol Lavalozas Concentrado Doypack 1 Litro Trebol,1790,2490
lavalozas,Quix Lavalozas Quix Poder Limón 750 ml,2000,2290
lavalozas,Quix Lavaloza Quix Ultra Doypack 450 ml,1590,2190
lavalozas,Virginia Lavalozas Virginia Ultra Concentardo Limon 500 ml,1590,1890
lavalozas,Virutex Lavaloza Piel Sensible Virutex 500 ml,949,1690
lavalozas,El Trebol Lavalozas El Trébol Limón 500 ml,999,1490
lavalozas,Fuzol Lavalozas Concentrado Vinagre Fuzol Doy Pack 1000 ml,1390,1590
lavalozas,Fuzol Lavalozas Fuzol Limón Doy Pack 1 Litro,1390,1590
lavalozas,El Trebol Lavalozas El Trébol Limón 500 ml,1390,1390
lavalozas,El Trebol Pack 2 Detergentes 3 kg + Lavalozas 750 ml Trébol,10000,12090
lavalozas,Virginia Lavaloza Virginia D/P Limón Citrus Litro,1390,1590
lavalozas,Quix Quix Limón Bio Activos Concentrado 500 ml,1490,1490
esponja,Virutex Esponja Lisa - Clásica,549,549
esponja,Spunita Esponja Spunita - Clásica,1790,1790
esponja,Virutex Esponja Acero - Clásica,499,499
esponja,Virutex Esponja Orotex Mediana - Clásica,1690,1690
esponja,Virutex Esponja Acanalada X3 virutex,1890,1890
esponja,Virutex Esponja Virutex Orotex X3 Mediana,3190,3190
esponja,Virutex Esponja Acanalada Cobre X2 Creativa,1890,1890
esponja,El Trebol Esponja Acanalada Trébol 3 Unidades,1190,1190
esponja,Virutex Esponja Acanalada 3+1 - Clásica,1690,1990
esponja,Virutex Esponja Inox Con Mangoplatinum - Clasica,1890,1890
esponja,Virutex Esponja Lisa X 4 - Clásica,1690,1690
esponja,El Trebol Esponja Lisa Trébol 10 Unidades,2000,2190
esponja,Vileda Esponja Vileda Pur Active 2 unidades,2390,2390
esponja,Virutex Esponja Lisa Cobre X 2 Creativa,1790,1790
esponja,El Trebol El Trebol Esponja Teflon X 1,199,199
esponja,Virutex Esponja Inox Platinum Virutex Clasica 3Und,2890,2890
esponja,Vileda Esponja Vileda Antiresiduo Inox Und,1590,1590
esponja,Vileda Esponja Vileda Antiresiduo Inoxidable X2,4290,4290
esponja,Vileda Esponja Vileda Fresh Lisa 2 unidades,2090,2090
esponja,El Trebol Esponja Teflon X 3 El Trebol,399,399
esponja,Virutex Paño Celulosa esponja Virutex 6 und,4590,4590
esponja,Virutex Lana Grande - Clásica,799,799
esponja,Virutex Mago Pads S/Jabon X6 Bolsa - Clásica,1290,1290
esponja,Virutex Mago Pads C/Jabon X6 Estuche - Clásica,1690,1690
esponja,Virutex Virutilla Extra Gruesa Mediana #6 - Clásica und,1390,1390
esponja,El Trebol El Trébol Lana De Acero X 1,149,149
esponja,El Trebol Virutilla Grande Numero El Trebol 2 Fina,499,499
esponja,Virutex Mago Pads Sin Jabón Virutex Bolsa 12 und,1990,1990
esponja,El Trebol El Trebol Pads Con Jabón 4 unid Caja,549,549
esponja,Virutex Mago Pads C/Jabon X4 Bolsa - Clásica,1390,1390
virutilla,Virutex Virutilla Extra Gruesa Mediana #6 - Clásica und,1390,1390
virutilla,El Trebol Virutilla Grande Numero El Trebol 2 Fina,499,499
virutilla,Virginia Virutilla Líquida Virginia Piso Madera 900 ml,3890,3890
virutilla,Vileda Esponja Vileda Antiresiduo Inox Und,1590,1590
virutilla,Vileda Esponja Vileda Antiresiduo Inoxidable X2,4290,4290
virutilla,Vileda Esponja Vileda Fresh Lisa 2 unidades,2090,2090
virutilla,Virutex Esponja Acanalada 3+1 - Clásica,1690,1990
virutilla,Virutex Esponja Acanalada X3 virutex,1890,1890
virutilla,Virutex Esponja Inox Con Mangoplatinum - Clasica,1890,1890
virutilla,Virutex Esponja Lisa X 4 - Clásica,1690,1690
virutilla,El Trebol El Trebol Esponja Teflon X 1,199,199
virutilla,Virutex Lana Grande - Clásica,799,799
virutilla,Virutex Esponja Lisa Cobre X 2 Creativa,1790,1790
virutilla,Virutex Esponja Orotex Mediana - Clásica,1690,1690
virutilla,Virutex Mago Pads S/Jabon X6 Bolsa - Clásica,1290,1290
virutilla,Virutex Esponja Acanalada Cobre X2 Creativa,1890,1890
virutilla,El Trebol Esponja Acanalada Trébol 3 Unidades,1190,1190
virutilla,El Trebol El Trebol Pads Con Jabón 4 unid Caja,549,549
virutilla,Virutex Esponja Inox Platinum Virutex Clasica 3Und,2890,2890
virutilla,Spunita Esponja Spunita - Clásica,1790,1790
virutilla,Virutex Esponja Acero - Clásica,499,499
virutilla,Virutex Mago Pads C/Jabon X4 Bolsa - Clásica,1390,1390
virutilla,El Trebol Esponja Lisa Trébol 10 Unidades,2000,2190
virutilla,Virutex Mago Pads C/Jabon X6 Estuche - Clásica,1690,1690
virutilla,Virutex Esponja Lisa - Clásica,549,549
virutilla,Virutex Esponja Virutex Orotex X3 Mediana,3190,3190
virutilla,El Trebol El Trébol Lana De Acero X 1,149,149
virutilla,Virutex Mago Pads Sin Jabón Virutex Bolsa 12 und,1990,1990
virutilla,Vileda Esponja Vileda Pur Active 2 unidades,2390,2390
shampoo,Head & Shoulders Shampoo Head Shoulders Antifall 375 ml,3790,4590
shampoo,Head & Shoulders Shampoo Head Shoulders Coconut 375 ml,3790,4590
shampoo,Head & Shoulders Shampoo H&S Apple Fresh 375Ml,3790,4590
shampoo,Babyland Shampoo Brillitos Babyland 410 ml,2390,2390
shampoo,Familand Shampoo Familand Granada 750 ml,1990,1990
shampoo,Head & Shoulders Shampoo Head Shoulders Argan Revit 375 ml,3790,4590
shampoo,Pantene Shampoo Pantene Bambu 400 ml,3490,4290
shampoo,Babylee Shampoo Babylee Brillos Frasco 250 ml,1390,1390
shampoo,Babylee Shampoo Babylee Rizos Frasco 250 ml,1390,1390
shampoo,Sedal Shampoo Sedal Rizos Definidos 340 ml,2790,2790
shampoo,Sedal Shampoo Sedal Prebióticos Biotina 340 ml,2790,2790
shampoo,Head & Shoulders Shampoo Head & Shoulders Limpieza Renovadora 375 ml,3790,4590
shampoo,Fructis Shampoo Fructis Aloe Hidra Bom 350 ml,3290,3690
shampoo,Head & Shoulders Shampoo Head Shoulders Carbon 375 ml,3790,4590
shampoo,Pantene Pantene Shampoo Control Caída 400 ml,3490,4290
shampoo,Babylee Shampoo Babylee Infinito Frasco 250 ml,1390,1390
shampoo,Sedal Shampoo Sedal Celulas Madres Vegetal 340 ml,2790,2790
shampoo,El Trebol Shampoo El Trebol Manzanilla Doypack 900 gr,1490,1490
shampoo,Simonds Shampoo Simonds Baby Hipoalergénico Frasco 400 ml,2790,2790
shampoo,Familand Shampoo Familand Propoleo Miel 750 ml,1990,1990
shampoo,Sedal Shampoo Sedal Restauración Instantánea 340 ml,2790,2790
shampoo,Head & Shoulders Shampoo Head & Shoulders Sensitive 375 ml,3790,4590
shampoo,Sedal Shampoo Sedal Hialurónico y Vitamina A 340 ml,2790,2790
shampoo,Pantene Shampoo Pantene 400 ml fuerza Y Reconstrucción,3490,4290
shampoo,Babyland Shampoo Babyland Manzanilla 410Ml,2390,2390
shampoo,Babyland Shampoo Babyland Neutro 410Ml,2390,2390
shampoo,Familand Shampoo Familand Arándano 750 ml,1990,1990
shampoo,Familand Shampoo Familand Manzanilla 50 ml,1990,1990
shampoo,Simonds Shampoo Simonds Manzanilla Smile 400Ml,2890,2890
shampoo,Simonds Shampoo Smile Kids Seca Rapido Pineapple,2890,2890
shampoo,Simonds Shampoo Simonds Baby Evit/Lag Hipo 400Ml,2790,2790
shampoo,Familand Shampoo Familand Moringa Bio Frasco 750 ml,1990,1990
shampoo,Familand Shampoo Familand Coco Argán Bio Frasco 750 ml,1990,1990
shampoo,Fructis Shampoo Fructis Brillo Vitaminado 350 ml,3290,3690
shampoo,Babyland Shampoo Babyland Evita Las Lagrimas 410Ml,2390,2390
shampoo,Fructis Shampoo Fructis Vitamina Frescura 350 ml,3290,3690
shampoo,Familand Shamp Familand Bambu Cannabis Bio Frasco750 ml,1990,1990
shampoo,Dove Dove Sh 400 Ml Oleo Nutricion,3000,4990
shampoo,Dove Shamp Dove Regeneracion Extrema 400Ml,3000,4990
shampoo,Dove Sh Dove Men Care Cont Caspa 400 Ml,3000,4990
acondicionador,Babyland Acondicionador Brillitos Babyland 410 ml,2390,2390
acondicionador,Familand Acondicionador Familand Propoleo frasco 750 ml,1990,1990
acondicionador,Pantene Acondicionador Pantene Restauración 400 ml,3490,4290
acondicionador,Familand Acondicionador Familand Doypack Moringa 750 ml,1190,1390
acondicionador,Ilicit Acondicionador Ilicit Kerav Matizador 350 ml,4990,4990
acondicionador,Sedal Acondicionador Sedal Restauración Instantánea 340 ml,2790,2790
acondicionador,Sedal Acondicionador Sedal Rizos Definidos 340 ml,2790,2790
acondicionador,Fructis Fructis Acondicionador Oil Repair Liso Coco 350Ml,3290,3690
acondicionador,Sedal Acondicionador Sedal Células Madre Vegetal 340 ml,2790,2790
acondicionador,Familand Acondicionador Familand Doypack Manzanilla 750 ml,1190,1390
acondicionador,Pantene Acondicionador Pantene Hidro Cauterización 400 ml,3490,4290
acondicionador,Familand Acondicionador Familand Doypack Granada 750 ml,1190,1390
acondicionador,Sedal Acondicionador Sedal Prebióticos Biotina 340 ml,2790,2790
acondicionador,Familand Acondicionador Familand Doypack Arándano Maqui 750 ml,1190,1390
acondicionador,Familand Acondicionador Familand Doypack Algas Hialur 750 ml,1190,1390
acondicionador,Sedal Acondicionador Sedal Hialurónico y Vitamina A 340 Grs,2790,2790
acondicionador,Familand Acondicionador Familand Manzanilla 750 ml,1990,1990
acondicionador,Fructis Acondicionador Frescura Vitaminada Fructis 350 ml,3290,3690
acondicionador,Familand Acondicionador Cherry Cerezo Familand 750 ml,1990,1990
acondicionador,Babylee Acondicionador Babylee Rizos Frasco 250 ml,1390,1390
acondicionador,Head & Shoulders Acondicionador Head Shoulders Coconut 300 ml,4990,4990
acondicionador,Familand Acondicionador Familand Moringa Frasco 750 ml,1990,1990
acondicionador,Herbal Essences Acondicionador Herbal Essences Revitalizante 400 ml,4990,4990
acondicionador,Ballerina Acondicionador Ball Micel Frasco 750 ml,1890,1890
acondicionador,Ballerina Acondicionador Ballerina Palta-Almendras 750 ml,1690,1690
acondicionador,Familand Acondicionador Familand Arandano Uvaterapia 750 ml,1990,1990
acondicionador,Pantene Acondicionador Pantene Brillo Extremo 400 ml,3490,4290
acondicionador,Dove Acondicionador Dove Regeneración Extrema 400 ml,3000,4990
acondicionador,Ballerina Acondicionador Ballerina Manzanilla frasco 750 ml,1690,1690
acondicionador,Familand Acondicionador Familand Manzana Papaya 750 ml,1990,1990
acondicionador,Familand Acondicionador Familand Gran Uvaterapia Bio 750 ml,1990,1990
acondicionador,Ballerina Acondicionador Ballerina Sin sal Granada Doypack 900 ml,1590,1590
acondicionador,Ballerina Acondicionador Ballerina Sin sal Coco Jazmin Doypack 900 cc,1690,1690
acondicionador,Pantene Shampoo Pantene 400 ml fuerza Y Reconstrucción,3490,4290
acondicionador,Babylee Acond Babylee Infinito Frasco 250 900 ml,1390,1390
acondicionador,Simonds Bálsamo Simond's Extra Suave Niños 610 ml,4490,4490
acondicionador,Simonds Bálsamo Simonds Ex Suave Niños 400 ml,2790,2790
acondicionador,Babyland Bálsamo Babyland Manzanilla Hipoalergénico 270 ml,1890,1890
acondicionador,Babyland Bálsamo Babyland Manzanilla 410 ml,2390,2390
acondicionador,Simonds Bálsamo Simond's Camomilla Manzanilla 400 ml,2790,2790
acondicionador,Dove Dove Acond 400 Ml Oleo Nutricion,3000,4990
bolsa basura,El Trebol Bolsa Basura Trébol 80x110 cm,1790,1790
bolsa basura,El Trebol Bolsa De Basura Trébol 50x60 cm 10 Unidades,449,449
bolsa basura,Superior Bolsa Basura Superior 70X90 cms. Rollo 10 und,1190,1190
bolsa basura,Virutex Bolsa Basura Biodegradable 50X55 cms rollo 20 Un,949,1290
bolsa basura,El Trebol Bolsa De Basura Trébol 50 x 70 cm 10 Unidades,799,799
bolsa basura,Superior Bolsa De Basura Superior 100x130 rollo 10 und,6390,6390
bolsa basura,Virutex Bolsa Basura Bio Rollo 80x120 cms. Virutex rollo 10 und,3590,3590
bolsa basura,Superior Bolsa Basura Superior Con Asas 50x65 cms. rollo 10 und,449,449
bolsa basura,Virutex Bolsa Basura Amarillo Cierre Fácil Virutex 70X90 cms. rollo 10 und,1590,1590
bolsa basura,Virutex Bolsa Basura Virutex Con Asa 50x65 cm 10 Unidades,499,499
bolsa basura,El Trebol Bolsa De Basura El Trébol 10 unid 70X90 cm,1290,1290
bolsa basura,Virutex Bolsas De Basura Biorollo Virutex 50x70 cms. 10 und,599,699
bolsa basura,Virutex Bolsas De Basura Biorollo Virutex 80x110 cm 10 und,1890,1890
bolsa basura,Virutex Bolsas De Basura Biorollo Virutex 70x90 cms. 10 und,1290,1290
bolsa basura,Superior Bolsa de Basura Superior 80x120 cms. Carga Pesada,3090,3090
bolsa basura,Superior Bolsa de Basura Superior 50x70 cms. rollo 10 und,699,699
bolsa basura,Superior Bolsa de Basura Superior 80x110 cms. Rollo 10 und,1590,1790
bolsa basura,Superior Bolsa Superior Papelero 50x55 cms. 200 und,999,999
bolsa basura,Superior Bolsa Superior Grande 110x120 cms. 5 und,4590,4590
bolsa basura,Superior Pack Bolsa Aseo Superior 70X90 (2Pqtes 10Und),2190,2190
cloro,Impeke Cloro Concentrado Tradicional Impeke 2 kilos,2090,2090
cloro,Clorox Cloro Gel Original Clorox 900 Ml,2990,2990
cloro,Impeke Cloro Concentrado Tradicional Impeke Kilo,1290,1290
cloro,Impeke Cloro Concentrado Forte Impeke Kilo,1290,1290
cloro,Impeke Cloro Ropa Blanca Impeke kg,1490,1490
cloro,Impeke Cloro Gel Impeke Citrus 900 Ml,1000,1390
cloro,Clorox Cloro Gel Lavanda Clorox  900 Ml,2990,2990
cloro,Clorox Cloro Gel Menta Clorox 900 ml,2990,2990
cloro,Impeke Cloro Ropa Color Impeke 930 gr,2090,2090
cloro,Cif Cloro Gel Cif Lavanda 800 ml,2490,2490
cloro,Cif Cif Cloro Gel Limón 800 ml,2490,2490
cloro,Impeke Cloro Gel Impeke Tradicional 900 ml,1000,1890
cloro,Clorox Cloro Gel Lavanda Clorox  1.5 Lt,4490,4490
cloro,El Trebol Cloro Gel Limón El Trebol 900 ml,1000,1590
cloro,El Trebol Cloro Gel Tradicional El Trebol 900 ml,1000,1590
cloro,El Trebol El Trebol Cloro Concentrado X 2 Lts 5%,1990,1990
cloro,Doña Gaby Limpiador Crema Cloro Doña Gaby 750 ml,1690,1690
cloro,El Trebol Cloro Gel Lavanda El Trebol 900 ml,1000,1590
cloro,Impeke Cloro Gel Impeke Aroma Limón 900 ml,1000,1890
cloro,El Trebol Cloro Concentrado El Trebol 1 L 5%,1000,1290
cloro,Clorox Clorox Ropa Blanca Intensos 1900Cc,3990,3990
cloro,Clorox Clorox Ropa Blanca Intensos 960 Grs,2390,2390
cloro,Clorox Clorox Tradicional 2Kls,3590,3590
cloro,Clorinda Clorinda Lavanda   1.9 Lt,3390,3390
cloro,Clorinda Clorinda Ropa Color 1800Grs,5190,5190
cloro,Clorox Clorox Desinf Antihongos Gat 500 Ml,5390,5390
cloro,Clorox Clorox Aroma Lavanda 1900Cc,3490,3490
cloro,Clorinda Clorinda Ropa Color 930 Grs,3090,3090
cloro,Clorinda Clorinda Aroma Limon 950 G,1990,1990
cloro,Clorox Clorox Gel 1.5 Lt Menta Fresca,4490,4490
cloro,Clorox Clorox Tradicional 1Kg,1990,1990
cloro,Clorox Clorox  Ropa Colores Vivos 960 gr,4090,4090
cloro,Clorinda Clorinda Litro,1890,1890
cloro,Clorinda Clorinda Aroma Lavanda 950 G,1990,1990
cloro,Clorox Clorox Ropa Colores Vivos 1800Grs,7990,7990
cloro,Clorox Clorox Aroma Lavanda 950 Cc,2090,2090
cloro,Clorox Clorox Frescura Limon 950Cc,2090,2090
cloro,Clorinda Clorinda Gel Regular 1.5 Litros,3990,3990
cloro,Clorinda Clorinda Gel Menta 900 Grs,1990,1990
cloro,Clorinda Clorinda Gel 900 Grs,1990,1990
cloro,Clorinda Clorinda Gel Flores Silvestres 900,1990,1990
toalla papel,Nova Toalla Papel Nova Ultra Mega 26 mts,1690,1690
toalla papel,Mi hogar Toalla Papel Mi Hogar D/H 3 Rll,1190,1390
toalla papel,El Trebol Toalla Papel Trébol Doble Hoja Rollo 100 mts,3990,3990
toalla papel,El Trebol Toalla De Papel Trebol Conveniente D/H 2 Unidades 30 mts,2000,2590
toalla papel,El Trebol Toalla de Papel El Trebol D/H 3 Rollos x 12 mt. c/u,1000,1290
toalla papel,Nova Toalla Nova Ultra Mega 2 Rollos 26 mts,3000,3390
toalla papel,El Trebol Toalla De Cocina Trebol 50 m,2000,2490
toalla papel,Elite Toalla Elite Deco Mega 2 rollos 20 mts,3590,3590
toalla papel,Elite Toalla Elite Maxwipe Reutilizable Rll 50Paños,2790,2790
toalla papel,Swan Tolla Papel Swan Dh Roll 45 Mts,1490,1490
detergente,Omo Detergente Omo Polvo Bicarbonato 800 Grs,2790,2790
detergente,Ariel Detergente Ariel Polvo 700 grs,1890,2590
detergente,El Trebol Detergente Trebol Plus 3 Litros Lavanda,4490,5990
detergente,Biofrescura Detergente Biofrescura Polvo Bosque Nativo 2.5Kilos,4000,5990
detergente,Drive Detergente Drive Liquido Doypack 3 litros,9000,9990
detergente,El Trebol Detergente Trebol 5 Kg Aroma Lavanda,7000,8990
detergente,Biofrescura Detergente Biofrescura Polvo Campos De Hielo 2.5Kilos,4000,5990
detergente,Biofrescura Detergente Biofrescura Polvo Desierto Florido 2.5Kilos,4000,5990
detergente,Ace Detergente Ace Naturals Polvo Manzanilla 800 gr,2290,2290
detergente,El Trebol Detergente Trebol Tradicional Plus 3 Litros Tradicional,4490,5990
detergente,El Trebol Detergente Líquido El Trebol Tradicional 3 L,3990,4590
detergente,El Trebol Detergente Trebol 5 Kg Aroma Tradicional,7000,8990
detergente,El Trebol Detergente Trebol Plus 3 Litros Encantos del Sur,4490,5990
detergente,"Omo Detergente Polvo Omo Bicarbonato 2,7 Kg",6000,9990
detergente,Ace Detergente Ace Líquido 2800 ml,9990,9990
detergente,Omo Detergente Omo Líquido Doypack Aloe 3 Litros,7990,7990
detergente,Popeye Detergente Popeye Hipo Dp 800 ml,3790,3790
detergente,Finish Finish Detergente Polvo Lava vajillas kilo,7690,7690
detergente,Popeye Detergente Popeye Hipoalergénico DP 3 L,14990,14990
detergente,Ace Detergente Ace Naturals Brisa Fresca Polvo 2.7 kg,7890,7890
detergente,Rinso Detergente Líquido Rinso 3 Lts Lirios y Rosas,5990,5990
detergente,Rinso Detergente Rinso Polvo Lirios y Rosas 800 grs,1890,1890
detergente,El Trebol Pack 2 Detergentes 3 kg + Lavalozas 750 ml Trébol,10000,12090
detergente,Ace Detergente Ace Naturals Manzanilla Polvo 2.7 kg,7890,7890
detergente,Fuzol Detergente Fuzol Líquido 3 Litros,6190,6190
detergente,Ariel Detergente Ariel Polvo 2.7 Kilos,7390,7390
detergente,Omo Omo Líquido Multiacción Doypack 3 Lt,7990,7990
detergente,Popeye Jabón Popeye Extra Blanco 170 gr,1190,1190
detergente,Ariel Ariel Concentrado Doble Poder 1.8Lt,6000,8990
detergente,Popeye Jabón Popeye Marsella 170 gr,999,999
detergente,Omo Omo Liquido Piel Sensible Para Diluir 500 ml,5490,5490
detergente,Vanish Vanish Prelavado Doy Pack 400 ml,2990,2990
detergente,Popeye Jabón Popeye Pack 2 X 340 gr,2190,2190
detergente,Omo Omo Líquido Botella Matic Multiaccion 3 Litros,8000,8990
detergente,Omo Omo Multiacción Líquido; Soft Aloe Vera Botella 3 lt,8000,8990
detergente,Popeye Jabón Popeye Súper Blanco 170 gr,1190,1190
detergente,Vanish Jabón En Barra Vanish 75 Gs,1590,1790
detergente,Ariel Ariel Concentrado Downy 1.8Lt,6000,8990
detergente,Omo Omo Concentrado Lavado a Mano Bolsa 400 Grs,1490,1490
detergente,Drive Drive Para Diluir 500 ml,7990,7990
detergente,Rinso Rinso Polvo Hortencias y Flores blancas 800 gr,1890,1890
detergente,Omo Omo Para Diluir Botella Recarga 500 ml,5490,5490
detergente,Omo Omo Aloe Vera Bolsa 400 Grs,1590,1590
detergente,Omo Omo Soft Aloe Bolsa 2.7 kilos,6000,9990
detergente,Rinso Rinso Polvo Lirios y rosas 2.7 Kg,7390,7390
detergente,Omo Omo Matic Polvo Bolsa 2.7 kg,6000,9990
detergente,Omo Omo Matic Multi Polvo Bolsa 800 Grs,2000,2190
detergente,Vanish Vanish Rosado Doy Pack 450 gr,6890,6890
